# card_MiB, one sample every 2 s while the server ran
28570
28752
28749
28748
28762
28761
28761
28841
28848
28929
28920
28920
28920
28920
28920
28920
28920
28920
28920
28920
28920
28920
28920
28920
28922
28922
28922
28922
28922
28924
28924
28924
28924
28924
28924
28924
28924
28924
28924
28924
28924
28924
28924
28924
28924
28924
28924
28924
28924
28924
28924
28924
28924
28924
28924
28924
28924
28924
28924
28924
28924
28924
28924
28924
28924
28924
28924
28924
28924
28924
28924
28924
28924
28924
28924
28924
28924
28924
28924
28924
28924
28924
28924
28924
28924
28924
28924
28924
28924
28924
28924
28924
28924
28924
28924
28924
28924
28924
28924
28924
28924
28924
28924
28924
28924
28924
28924
28924
28924
28924
28924
28924
28924
28924
28924
28924
28924
28924
28930
28930
28930
28930
