# card_MiB, one sample every 2 s while the server ran
27092
27172
27172
27172
27172
27212
27212
27212
27214
27214
27214
27214
27214
27214
27214
27214
27214
27214
27214
27214
27232
27232
27252
27252
27272
27272
27292
27292
27292
27312
27312
27332
27332
27352
27352
27372
27372
27372
27392
27392
27412
27412
27412
27432
27432
27452
27452
27452
27452
27452
27452
27452
27454
27454
27454
27454
27454
27454
27454
27454
27454
27454
27454
27454
27454
27454
27460
27460
27460
27460
27460
27460
27460
27460
27460
27460
27460
27460
27460
27460
27460
27460
27460
27460
27460
27460
27460
27460
27460
27460
27460
27460
27460
27460
27460
27460
27460
27460
27460
27460
27460
27460
27460
27460
27460
27460
27460
27460
27460
27460
27460
27460
27460
27460
27460
27460
27460
27460
27460
27460
27460
27460
27460
27460
27460
27460
27460
27460
27460
27460
27460
27460
27460
27460
27460
27460
27460
27460
27460
27460
27460
27460
27460
27460
27460
27460
27460
27460
27460
27460
27460
27460
27460
27460
27460
27460
27460
27460
27460
27460
27460
27460
27460
27460
27460
27460
27460
27460
27460
27460
27460
27460
27460
27460
27460
27460
27460
27460
27460
27460
27460
27460
27460
27460
27460
27460
27460
27460
27460
27460
27460
27460
27454
27454
27454
27454
27454
27454
27454
27454
27454
27454
27454
27454
27454
27454
27454
27454
27454
27454
27454
27454
27454
27454
27454
27454
27454
27454
27454
27454
27454
27454
27454
27454
27454
27454
27454
27454
27454
27454
27454
27454
27454
27454
27454
27454
27454
27454
27454
27454
27454
27454
27455
27455
27454
27453
27459
27459
27459
27454
27454
27454
27454
27454
27454
27454
