# card_MiB laptop_GPU_memory_MiB, one sample every 5 s while the server ran
25145 54852
25211 54867
25219 54867
25219 54867
25221 54867
25221 54867
25221 54867
25221 54867
25221 54867
25221 54867
25221 54867
25221 54867
25221 54867
25221 54867
25221 54874
25221 54874
25221 54874
25221 54874
25221 54874
25221 54874
25221 54874
25233 54874
25241 54874
25212 54874
25212 54874
25214 54874
25216 54874
25216 54874
25219 54874
25296 54874
25291 54874
25295 54874
25297 54874
25297 54874
25299 54874
25301 54874
25301 54874
25305 54874
25305 54874
25307 54874
25309 54874
25309 54874
25311 54874
25311 54874
25305 54874
25305 54874
25307 54874
25307 54874
25309 54874
25309 54874
25311 54874
25311 54874
25315 54874
25315 54874
25317 54874
25317 54874
25319 54874
25319 54874
25321 54874
25321 54874
25325 54874
25325 54874
25327 54874
25327 54874
25327 54874
25329 54874
25329 54874
25331 54874
25331 54874
25335 54874
25335 54874
25335 54874
25337 54874
25337 54874
25339 54874
25339 54874
25341 54874
25341 54874
25341 54874
25345 54874
25345 54874
25347 54874
25347 54874
25347 54874
25349 54874
25349 54874
25349 54874
25351 54874
25350 54874
25355 54874
25355 54874
25355 54874
25356 54874
25357 54874
25356 54874
25358 54874
25358 54874
25358 54874
25358 54874
25358 54874
25360 54874
25276 54874
25274 54874
25271 54874
25271 54874
25271 54874
25271 54874
25271 54874
25271 54874
25271 54874
25271 54874
25271 54874
25271 54874
25271 54874
