# card_MiB laptop_GPU_memory_MiB, one sample every 5 s while the server ran
26005 56450
26125 56450
26125 56450
26124 56450
26124 56450
26124 56450
26124 56450
26124 56450
26124 56450
26124 56450
26124 56450
26126 56450
26126 56450
26135 56450
26150 55181
26150 55181
26142 55185
26164 55185
26197 55189
26176 55189
26239 55193
26185 55193
26205 55197
26205 55197
26205 55197
26256 55201
26268 55201
26288 55205
26288 55205
26284 55205
26268 55289
26268 55289
26255 55289
26275 55293
26280 55293
26345 55293
26357 55217
26347 55217
26347 55217
26369 55221
26371 55221
26373 55221
26397 55337
26397 55337
26395 55337
26415 55341
26415 55341
26415 55341
26415 55341
26433 55345
26429 55361
26381 55361
26381 55361
26401 55365
26401 55365
26401 55365
26401 55365
26401 55642
26401 55642
26401 55642
26401 55642
26401 55646
26401 55646
26401 55646
26402 55646
26401 55666
26401 55666
26401 55666
26401 55666
26402 55670
26401 55670
26403 55670
26401 55670
26401 55670
26402 55434
26401 55434
26401 55434
26379 55434
26379 55438
26379 55438
26379 55438
26379 55438
26379 55438
26379 55438
26379 55438
26379 55438
26379 55458
26379 55458
26379 55458
26379 55458
26379 55458
26379 55458
26379 55458
26379 55458
26379 55458
26379 55458
26379 55458
26379 55458
26379 55458
26379 55458
26379 55458
26379 55458
26379 55458
26379 55458
26379 55458
26379 55458
26379 55458
