# card_MiB laptop_GPU_memory_MiB, one sample every 5 s while the server ran
27989 55795
28131 55987
28131 55987
28089 55987
28089 55994
28089 55994
28089 55994
28089 55994
28105 55994
28105 55994
28105 55994
28105 55994
28145 56453
28145 56453
28145 56453
28161 56471
28161 56471
28161 56471
28241 56487
28241 56487
28241 56487
28241 56487
28241 56487
28321 56503
28321 56503
28321 56503
28322 56503
28401 56503
28413 56519
28417 56519
28419 56519
28371 56519
28371 56519
28371 56535
28377 56343
28372 56343
28373 56343
28420 56343
28420 56343
28421 56359
28421 56583
28373 56583
28373 56583
28373 56583
28373 56583
28376 56583
28371 56599
28371 56631
28371 56631
28371 56631
28371 56631
28371 56631
28371 56631
28369 57161
28369 57193
28369 57193
28369 57193
28369 57193
28369 57193
28369 57193
28409 57193
28409 57209
28361 57241
28361 57241
28361 57241
